01.1	kotona valmistettu ruoka	150,00	150,00	200,00	200,00	403,00	532,00	150,00	150,00	200,00	200,00	403,00	532,00	150,00	150,00	200,00	200,00	403,00	532,00	150,00	150,00	200,00	200,00	403,00	532,00	150,00	150,00	200,00	200,00	403,00	532,00	150,00	150,00	200,00	200,00	403,00	532,00
03.1	naisten vaatteet ja kengät	47,00	0,00	33,00	0,00	48,00	48,00	47,00	0,00	33,00	0,00	48,00	48,00	47,00	0,00	33,00	0,00	48,00	48,00	47,00	0,00	33,00	0,00	48,00	48,00	47,00	0,00	33,00	0,00	48,00	48,00	47,00	0,00	33,00	0,00	48,00	48,00
03.1	miesten vaatteet ja kengät	0,00	40,00	0,00	29,00	40,00	40,00	0,00	40,00	0,00	29,00	40,00	40,00	0,00	40,00	0,00	29,00	40,00	40,00	0,00	40,00	0,00	29,00	40,00	40,00	0,00	40,00	0,00	29,00	40,00	40,00	0,00	40,00	0,00	29,00	40,00	40,00
03.1	lasten vaatteet ja kengät	0,00	0,00	0,00	0,00	0,00	132,00	0,00	0,00	0,00	0,00	0,00	132,00	0,00	0,00	0,00	0,00	0,00	132,00	0,00	0,00	0,00	0,00	0,00	132,00	0,00	0,00	0,00	0,00	0,00	132,00	0,00	0,00	0,00	0,00	0,00	132,00
04.1	asuminen/vuokra	654,00	654,00	800,00	800,00	1091,00	1338,00	618,00	618,00	756,00	756,00	1031,00	1264,00	552,00	552,00	674,00	674,00	920,00	1128,00	418,00	418,00	510,00	510,00	696,00	854,00	391,00	391,00	477,00	477,00	651,00	799,00	338,00	338,00	414,00	414,00	564,00	692,00
04.5	sähkö	16,00	16,00	16,00	16,00	22,00	34,00	16,00	16,00	16,00	16,00	22,00	34,00	16,00	16,00	16,00	16,00	22,00	34,00	16,00	16,00	16,00	16,00	22,00	34,00	16,00	16,00	16,00	16,00	22,00	34,00	16,00	16,00	16,00	16,00	22,00	34,00
05.1	huonekalut	10,00	10,00	10,00	10,00	14,00	20,00	10,00	10,00	10,00	10,00	14,00	20,00	10,00	10,00	10,00	10,00	14,00	20,00	10,00	10,00	10,00	10,00	14,00	20,00	10,00	10,00	10,00	10,00	14,00	20,00	10,00	10,00	10,00	10,00	14,00	20,00
05.2	kodin tekstiilit	6,00	6,00	6,00	6,00	11,00	18,00	6,00	6,00	6,00	6,00	11,00	18,00	6,00	6,00	6,00	6,00	11,00	18,00	6,00	6,00	6,00	6,00	11,00	18,00	6,00	6,00	6,00	6,00	11,00	18,00	6,00	6,00	6,00	6,00	11,00	18,00
05.3	kotitalouskoneet	7,00	7,00	9,00	9,00	9,00	12,00	7,00	7,00	9,00	9,00	9,00	12,00	7,00	7,00	9,00	9,00	9,00	12,00	7,00	7,00	9,00	9,00	9,00	12,00	7,00	7,00	9,00	9,00	9,00	12,00	7,00	7,00	9,00	9,00	9,00	12,00
05.4	astiat ja ruoanvalmistusvälineet	3,00	3,00	3,00	3,00	4,00	4,00	3,00	3,00	3,00	3,00	4,00	4,00	3,00	3,00	3,00	3,00	4,00	4,00	3,00	3,00	3,00	3,00	4,00	4,00	3,00	3,00	3,00	3,00	4,00	4,00	3,00	3,00	3,00	3,00	4,00	4,00
05.5	muut kodin tarvikkeet	1,00	1,00	1,00	1,00	0,00	0,00	1,00	1,00	1,00	1,00	0,00	0,00	1,00	1,00	1,00	1,00	0,00	0,00	1,00	1,00	1,00	1,00	0,00	0,00	1,00	1,00	1,00	1,00	0,00	0,00	1,00	1,00	1,00	1,00	0,00	0,00
05.6	siivouksen ja vaatehuollon välineet	1,33	1,33	1,33	1,33	1,75	1,92	1,33	1,33	1,33	1,33	1,75	1,92	1,33	1,33	1,33	1,33	1,75	1,92	1,33	1,33	1,33	1,33	1,75	1,92	1,33	1,33	1,33	1,33	1,75	1,92	1,33	1,33	1,33	1,33	1,75	1,92
05.6	muut kodin tarvikkeet	0,75	0,75	0,75	0,75	0,83	0,92	0,75	0,75	0,75	0,75	0,83	0,92	0,75	0,75	0,75	0,75	0,83	0,92	0,75	0,75	0,75	0,75	0,83	0,92	0,75	0,75	0,75	0,75	0,83	0,92	0,75	0,75	0,75	0,75	0,83	0,92
05.6	pesu- ja siivousaineet	1,83	1,83	2,00	2,00	2,92	6,58	1,83	1,83	2,00	2,00	2,92	6,58	1,83	1,83	2,00	2,00	2,92	6,58	1,83	1,83	2,00	2,00	2,92	6,58	1,83	1,83	2,00	2,00	2,92	6,58	1,83	1,83	2,00	2,00	2,92	6,58
06.1	lääkkeet	5,00	5,00	6,00	6,00	6,00	12,00	5,00	5,00	6,00	6,00	6,00	12,00	5,00	5,00	6,00	6,00	6,00	12,00	5,00	5,00	6,00	6,00	6,00	12,00	5,00	5,00	6,00	6,00	6,00	12,00	5,00	5,00	6,00	6,00	6,00	12,00
06.1	tarvikkeet	9,00	9,00	9,00	9,00	9,00	9,00	9,00	9,00	9,00	9,00	9,00	9,00	9,00	9,00	9,00	9,00	9,00	9,00	9,00	9,00	9,00	9,00	9,00	9,00	9,00	9,00	9,00	9,00	9,00	9,00	9,00	9,00	9,00	9,00	9,00	9,00
06.2	lääkäripalvelut	8,00	8,00	10,00	10,00	16,00	18,00	8,00	8,00	10,00	10,00	16,00	18,00	8,00	8,00	10,00	10,00	16,00	18,00	8,00	8,00	10,00	10,00	16,00	18,00	8,00	8,00	10,00	10,00	16,00	18,00	8,00	8,00	10,00	10,00	16,00	18,00
07.1	polkupyörä	2,00	2,00	2,00	2,00	4,00	15,00	2,00	2,00	2,00	2,00	4,00	15,00	2,00	2,00	2,00	2,00	4,00	15,00	2,00	2,00	2,00	2,00	4,00	15,00	2,00	2,00	2,00	2,00	4,00	15,00	2,00	2,00	2,00	2,00	4,00	15,00
07.1	auton hankinta						246,64						246,64						246,64						246,64						246,64						246,64
07.1	auton ruoste-esto						7,96						7,96						7,96						7,96						7,96						7,96
07.2	auton säilytys						20,90						20,90						20,90						20,90						20,90						20,90
07.2	polttoaine autoon						140,72						140,72						140,72						140,72						140,72						140,72
07.2	voiteluaine autoon						7,13						7,13						7,13						7,13						7,13						7,13
07.2	auton rengaskulut						11,28						11,28						11,28						11,28						11,28						11,28
07.2	auton huolto- ja korjauskulut						54,74						54,74						54,74						54,74						54,74						54,74
07.3	vierailut	4,17	4,17	4,17	4,17	4,17	6,25	4,17	4,17	4,17	4,17	4,17	6,25	4,17	4,17	4,17	4,17	4,17	6,25	4,17	4,17	4,17	4,17	4,17	6,25	4,17	4,17	4,17	4,17	4,17	6,25	4,17	4,17	4,17	4,17	4,17	6,25
07.3	koulun retket	0,00	0,00	0,00	0,00	0,00	0,83	0,00	0,00	0,00	0,00	0,00	0,83	0,00	0,00	0,00	0,00	0,00	0,83	0,00	0,00	0,00	0,00	0,00	0,83	0,00	0,00	0,00	0,00	0,00	0,83	0,00	0,00	0,00	0,00	0,00	0,83
07.3	kuukausilippu	43,00	43,00	43,00	43,00	86,00	108,00	89,00	89,00	89,00	89,00	178,00	178,00	70,00	70,00	70,00	70,00	140,00	175,00	70,00	70,00	70,00	70,00	140,00	175,00	70,00	70,00	70,00	70,00	140,00	175,00	70,00	70,00	70,00	70,00	140,00	175,00
08.3	tietoliikennemaksut	81,00	81,00	81,00	81,00	101,00	111,00	81,00	81,00	81,00	81,00	101,00	111,00	81,00	81,00	81,00	81,00	101,00	111,00	81,00	81,00	81,00	81,00	101,00	111,00	81,00	81,00	81,00	81,00	101,00	111,00	81,00	81,00	81,00	81,00	101,00	111,00
08.3	postimerkit, kortit	2,50	2,50	5,00	5,00	2,50	5,00	2,50	2,50	5,00	5,00	2,50	5,00	2,50	2,50	5,00	5,00	2,50	5,00	2,50	2,50	5,00	5,00	2,50	5,00	2,50	2,50	5,00	5,00	2,50	5,00	2,50	2,50	5,00	5,00	2,50	5,00
09.1	tietoliikennelaitteet	18,00	18,00	18,00	18,00	19,00	21,00	18,00	18,00	18,00	18,00	19,00	21,00	18,00	18,00	18,00	18,00	19,00	21,00	18,00	18,00	18,00	18,00	19,00	21,00	18,00	18,00	18,00	18,00	19,00	21,00	18,00	18,00	18,00	18,00	19,00	21,00
09.2	sisäliikuntavarusteet	2,08	2,08	2,08	2,08	4,17	6,25	2,08	2,08	2,08	2,08	4,17	6,25	2,08	2,08	2,08	2,08	4,17	6,25	2,08	2,08	2,08	2,08	4,17	6,25	2,08	2,08	2,08	2,08	4,17	6,25	2,08	2,08	2,08	2,08	4,17	6,25
09.2	ulkoliikuntavarusteet	2,08	2,08	2,08	2,08	4,17	6,25	2,08	2,08	2,08	2,08	4,17	6,25	2,08	2,08	2,08	2,08	4,17	6,25	2,08	2,08	2,08	2,08	4,17	6,25	2,08	2,08	2,08	2,08	4,17	6,25	2,08	2,08	2,08	2,08	4,17	6,25
09.2	lelut	0,00	0,00	0,00	0,00	0,00	6,67	0,00	0,00	0,00	0,00	0,00	6,67	0,00	0,00	0,00	0,00	0,00	6,67	0,00	0,00	0,00	0,00	0,00	6,67	0,00	0,00	0,00	0,00	0,00	6,67	0,00	0,00	0,00	0,00	0,00	6,67
09.4	kulttuuriharrastus	2,08	2,08	2,08	2,08	4,17	6,25	2,08	2,08	2,08	2,08	4,17	6,25	2,08	2,08	2,08	2,08	4,17	6,25	2,08	2,08	2,08	2,08	4,17	6,25	2,08	2,08	2,08	2,08	4,17	6,25	2,08	2,08	2,08	2,08	4,17	6,25
09.5	paperi-, pakkaus- yms. tarvikkeet	7,50	7,50	7,58	7,58	11,25	17,92	7,50	7,50	7,58	7,58	11,25	17,92	7,50	7,50	7,58	7,58	11,25	17,92	7,50	7,50	7,58	7,58	11,25	17,92	7,50	7,50	7,58	7,58	11,25	17,92	7,50	7,50	7,58	7,58	11,25	17,92
09.5	paperit, kynät ym.	0,52	0,52	1,18	1,18	1,18	1,70	0,52	0,52	1,18	1,18	1,18	1,70	0,52	0,52	1,18	1,18	1,18	1,70	0,52	0,52	1,18	1,18	1,18	1,70	0,52	0,52	1,18	1,18	1,18	1,70	0,52	0,52	1,18	1,18	1,18	1,70
09.6	kotimaanmatka	8,33	8,33	8,33	8,33	16,67	8,33	8,33	8,33	8,33	8,33	16,67	8,33	8,33	8,33	8,33	8,33	16,67	8,33	8,33	8,33	8,33	8,33	16,67	8,33	8,33	8,33	8,33	8,33	16,67	8,33	8,33	8,33	8,33	8,33	16,67	8,33
11.1	ruokailu kodin ulkopuolella	116,00	116,00	0,00	0,00	116,00	231,00	116,00	116,00	0,00	0,00	116,00	231,00	116,00	116,00	0,00	0,00	116,00	231,00	116,00	116,00	0,00	0,00	116,00	231,00	116,00	116,00	0,00	0,00	116,00	231,00	116,00	116,00	0,00	0,00	116,00	231,00
11.1	ruokailu ravintola yms.	17,00	17,00	0,00	0,00	0,00	52,00	17,00	17,00	0,00	0,00	0,00	52,00	17,00	17,00	0,00	0,00	0,00	52,00	17,00	17,00	0,00	0,00	0,00	52,00	17,00	17,00	0,00	0,00	0,00	52,00	17,00	17,00	0,00	0,00	0,00	52,00
12.1	ihonhoito	6,00	6,00	6,00	6,00	8,00	11,00	6,00	6,00	6,00	6,00	8,00	11,00	6,00	6,00	6,00	6,00	8,00	11,00	6,00	6,00	6,00	6,00	8,00	11,00	6,00	6,00	6,00	6,00	8,00	11,00	6,00	6,00	6,00	6,00	8,00	11,00
12.1	kosmetiikka	7,00	7,00	7,00	7,00	7,00	8,00	7,00	7,00	7,00	7,00	7,00	8,00	7,00	7,00	7,00	7,00	7,00	8,00	7,00	7,00	7,00	7,00	7,00	8,00	7,00	7,00	7,00	7,00	7,00	8,00	7,00	7,00	7,00	7,00	7,00	8,00
12.1	hiustenhoito	15,00	15,00	15,00	15,00	31,00	39,00	15,00	15,00	15,00	15,00	31,00	39,00	15,00	15,00	15,00	15,00	31,00	39,00	15,00	15,00	15,00	15,00	31,00	39,00	15,00	15,00	15,00	15,00	31,00	39,00	15,00	15,00	15,00	15,00	31,00	39,00
12.1	hygieniatarvikkeet	9,00	9,00	8,00	8,00	8,00	11,00	9,00	9,00	8,00	8,00	8,00	11,00	9,00	9,00	8,00	8,00	8,00	11,00	9,00	9,00	8,00	8,00	8,00	11,00	9,00	9,00	8,00	8,00	8,00	11,00	9,00	9,00	8,00	8,00	8,00	11,00
12.3	lahjat	8,33	8,33	16,67	16,67	16,67	33,33	8,33	8,33	16,67	16,67	16,67	33,33	8,33	8,33	16,67	16,67	16,67	33,33	8,33	8,33	16,67	16,67	16,67	33,33	8,33	8,33	16,67	16,67	16,67	33,33	8,33	8,33	16,67	16,67	16,67	33,33
12.5	kotivakuutus	6,00	6,00	6,00	6,00	8,00	19,00	6,00	6,00	6,00	6,00	8,00	19,00	6,00	6,00	6,00	6,00	8,00	19,00	6,00	6,00	6,00	6,00	8,00	19,00	6,00	6,00	6,00	6,00	8,00	19,00	6,00	6,00	6,00	6,00	8,00	19,00
12.5	liikennevakuutus						45,96						45,96						45,96						45,96						45,96						45,96
12.9	jäsenmaksut	8,33	8,33	2,08	2,08	8,33	8,33	8,33	8,33	2,08	2,08	8,33	8,33	8,33	8,33	2,08	2,08	8,33	8,33	8,33	8,33	2,08	2,08	8,33	8,33	8,33	8,33	2,08	2,08	8,33	8,33	8,33	8,33	2,08	2,08	8,33	8,33
							175,62						175,62						175,62						175,62						175,62						175,62
